x =

         -1.22818085937863
         -1.29596742160479
          -1.3487300792279
         -1.38863240924809
         -1.41715060163662
         -1.43471466430532
         -1.44110961459733
         -1.43688238708643
          1.71821404834855
         -1.40195382764979
         -1.37391325279306
         -1.34029851168213
         -1.30203362576551
          -1.2599233871925
         -1.21467177423821
         -1.16684253283961
         -1.11738418180304
         -1.06695964743574
         -1.01325096832476
        -0.960216386726764
          2.23458882579604
          2.28809870135356
          2.34133748216945
          2.39461064950314
          2.44593292830589
          2.49687951986059
          2.54698639150616
          2.59574675811156
          2.64268026517126
          2.68784896303184
           2.7312492805149
          2.77166791347762
          2.81099785179847
        -0.294956813325094
         -0.26273403157089
        -0.233651089371253
          2.93385464502247
        -0.186224338126751
          2.97208911124075
          2.98339130267548
          2.98851478234917
          3.14159265358979
          3.14159265358979
           2.9573481220739
            2.927971119752
        -0.255008596702171
        -0.308000418724427
        -0.372470770594189
           2.6950808398324
        -0.525141744373565
        -0.613681925438787
         -0.70548212208819
           2.3465146985438
        -0.883834222139102
        -0.958206513304471
         -1.02798808533088
         -1.08965651108225
          1.99678602847798
          1.94730445432594
          1.90194690565757
         -1.28195346053802
         -1.32208593639111
         -1.36168842963514
         -1.40358085771477
         -1.44556942615398
          1.64993456625164
           1.6043866272978
          1.55353105052311
          1.49926410069367
          3.14159265358979
          3.14159265358979
          1.32128059954978
          1.26041940656919
          1.20111819371013
         -1.99680821888377
         -2.04867620777741
         -2.09502279841143
         -2.13506605092389
         -2.16835527645831
         -2.19474910670704
         -2.21431732455697
         -2.22728209394717
         -2.23393591557902
         -2.23463551969493
          -2.2297246316994
         -2.21955076578495
         -2.20441778089373
         -2.18458784374504
         -2.16027632171324
         -2.13176681542355
          -2.0994000898763
         -2.06342409545684
         -2.02278324973843
         -1.97879425285401
         -1.93075304127971
         -1.88093056149602
          -1.8272341984711
         -1.77045806431863
         -1.71120007725434
          1.49278523891147
          1.55671295134856
          3.14159265358979
          3.14159265358979
          3.14159265358979
          3.14159265358979
          3.14159265358979
          3.14159265358979
          3.14159265358979
          3.14159265358979
          3.14159265358979
          2.25336136177421
          2.32024333426568
          2.38580011748852
          2.44987308285389
          2.51210525435833
          2.57264522758581
         -0.51028870407023
        -0.453375426821122
          3.14159265358979
          3.14159265358979
          3.14159265358979
          3.14159265358979
        -0.195013587276042
          2.99397061197547
          3.03976128277634
          3.08413789427252
       -0.0140790142428496
        0.0282849622525489
        0.0697315243121809
         0.110508681756331
          3.14159265358979
          3.14159265358979
         0.229928616411282
         0.268657153784224
         0.307906239528778
         0.347308237200761
         0.387836656790593
         0.428342608662872
         0.470329901900113
         0.513839309734937
         0.559450922245155
         0.607627244698253
         0.658662105072776
         0.713821684896021
         0.773867568950519
         0.839723721761625
         0.911632761464418
         0.993521029379338
          1.08434759966226
          1.18745874492568
          1.30079142542236
          1.42552771473409
            1.563088983975
          1.70825015328557
          1.85639841735578
          2.00290039011963
          2.14295781002358
          2.27299126867042
          2.39087740555041
          2.49643064841831
          2.59026162688541
            2.673811106414
          2.74681913861455
          2.81270628837061
           2.8710626983473
          2.92479143972732
        -0.168404755382965
        -0.123837909112311
          3.05911737104379
          3.09846854388608
      -0.00680858280385689
        0.0271226237061779
          3.14159265358979
          3.14159265358979
          3.14159265358979
          3.14159265358979
          3.14159265358979
          3.14159265358979
         -2.90164929033471
         -2.87305232223995
          3.14159265358979
         -2.81653617345749
          3.14159265358979
         -2.75949041293372
         0.410826076372481
         0.439804427604961
          3.14159265358979
          3.14159265358979
          3.14159265358979
         -2.58230494363788
          3.14159265358979
          -2.5197228781446
         -2.48779431860843
          3.14159265358979
          3.14159265358979
          3.14159265358979
          3.14159265358979
         -2.31897393834321
          3.14159265358979
         -2.24666888322528
         -3.14159265358979
          2.76186681122381
          2.73765625292509
         -3.14159265358979
         -3.14159265358979
         -3.14159265358979
         -3.14159265358979
         -3.14159265358979
         0.482096548718354
         -3.14159265358979
         -3.14159265358979
         -3.14159265358979
         -3.14159265358979
          2.64835202542982
         -3.14159265358979
         -3.14159265358979
         -3.14159265358979
         -3.14159265358979
         -3.14159265358979
         -3.14159265358979
         0.445339520279076
         0.432632474095604
         0.419053974802307
         0.404094041126693
         0.388539950263673
         0.372192829173381
         0.355510635074782
         0.337033368901273
         0.318511983675971
         0.299576417373277
         0.280283660026768
         0.260564643123477
         0.240642791368073
         -3.14159265358979
         -3.14159265358979
         -3.14159265358979
         0.163198511516944
          2.99883816130254
         0.125197213097113
         0.106146952284866
        0.0870172990997057
         -3.14159265358979
         -3.14159265358979
        0.0328731674590071
        0.0106284305360559
         -3.13625616720808
         -3.11859068726593
          -3.1015872423934
       -0.0558697870882306
          3.14159265358979
          3.14159265358979
          3.14159265358979
       -0.0988813570555063
         -3.03783824027479
         -3.03486660250046
         -3.03323350060377
         -3.03250432835581
        -0.109231688308475
        -0.109174247302283
        -0.108937464647993
          3.14159265358979
          3.14159265358979
          3.14159265358979
         -3.03529342472166
         -3.03707686352116
        -0.101882526500158
       -0.0978503493324745
       -0.0923219467818038
       -0.0848739686784738
         -2.61054263589972
         -2.81464290170802
       -0.0484507425821125
       -0.0318655985651557
       -0.0125213283611757
         -3.14159265358979
         -3.14159265358979
         -3.14159265358979
         -3.14159265358979
         -3.14159265358979
         -3.14159265358979
         -3.14159265358979
         -3.14159265358979
         -3.14159265358979
         -3.14159265358979
         -3.14159265358979
         -3.14159265358979
         -3.14159265358979
         -3.14159265358979
         -3.14159265358979
         -3.14159265358979
         -3.14159265358979
         -3.14159265358979
         -3.14159265358979
         -3.14159265358979
         -3.14159265358979
         -3.14159265358979
