Elapsed time is 47473.519983 seconds.
No script provided to load.
>> 47294.58/60

ans =

                   788.243

>> 47294.58/60/60

ans =

          13.1373833333333

>> (86399999.9991551-80577209.6377310901880264)/86399999.9991551

ans =

        0.0673934069615851
